shape_id,shape_pt_lat,shape_pt_lon,shape_pt_sequence
SHP0001,35.0995421299858,138.508806824684,1
SHP0001,35.0997472930591,138.508795880803,2
SHP0001,35.0997439288217,138.508619070053,3
SHP0001,35.0997592904439,138.508332073689,4
SHP0001,35.0997746520661,138.508168458939,5
SHP0001,35.0998668217994,138.507951200008,6
SHP0001,35.0999831312247,138.507747352123,7
SHP0001,35.1000006873644,138.507685661316,8
SHP0001,35.1000094654342,138.507661521435,9
SHP0001,35.1000116599517,138.507524728775,10
SHP0001,35.1000006873644,138.507414758205,11
SHP0001,35.0999765476724,138.50702047348,12
SHP0001,35.0999502134628,138.506744205952,13
SHP0001,35.0999524079803,138.506551086903,14
SHP0001,35.1000006873644,138.506360650063,15
SHP0001,35.1000840790279,138.506113886833,16
SHP0001,35.1001740542437,138.505907356739,17
SHP0001,35.1002684184945,138.505735695362,18
SHP0001,35.1004220347166,138.505488932133,19
SHP0001,35.1006063741832,138.505311906338,20
SHP0001,35.1008038807545,138.505153656006,21
SHP0001,35.1010606392973,138.50497931242,22
SHP0001,35.1013305649448,138.504821062088,23
SHP0001,35.1013766498114,138.504796922207,24
SHP0001,35.1016026851097,138.504729866982,25
SHP0001,35.1019340572461,138.504721820354,26
SHP0001,35.1021690791053,138.504726453949,27
SHP0001,35.1023421924896,138.504729866982,28
SHP0001,35.1024892089482,138.504745960236,29
SHP0001,35.1028644300592,138.504751324654,30
SHP0001,35.1032330683436,138.504783511162,31
SHP0001,35.1033010908842,138.504802286625,32
SHP0001,35.1034020275573,138.504829108715,33
SHP0001,35.1041217499222,138.505014181137,34
SHP0001,35.1041678297077,138.505027592182,35
SHP0001,35.1048699978686,138.505161702633,36
SHP0001,35.1051925563674,138.50516974926,37
SHP0001,35.1052013334695,138.50516974926,38
SHP0001,35.1054251495707,138.505164384842,39
SHP0001,35.1055831374069,138.505110740662,40
SHP0001,35.105710405386,138.505000770092,41
SHP0001,35.1058201191612,138.504861295223,42
SHP0001,35.1059429985893,138.504638671875,43
SHP0001,35.1063906307919,138.503764271736,44
SHP0001,35.1064189888395,138.503708116171,45
SHP0001,35.106500344567,138.503547012806,46
SHP0001,35.1066056697911,138.503284156322,47
SHP0001,35.1066605266787,138.503115177155,48
SHP0001,35.1066846637092,138.502967655659,49
SHP0001,35.1066978293622,138.502820134163,50
SHP0001,35.1066846637092,138.502659201622,51
SHP0001,35.1066649152297,138.502568006516,52
SHP0001,35.1066298068216,138.502479493618,53
SHP0001,35.1065595900056,138.502358794212,54
SHP0001,35.1064937617405,138.502278327942,55
SHP0001,35.1063511338328,138.502130806446,56
SHP0001,35.1061931459966,138.501940369606,57
SHP0001,35.106076849395,138.501760661602,58
SHP0001,35.1059912726504,138.501524627209,59
SHP0001,35.1059803012729,138.501393198967,60
SHP0001,35.1059737184464,138.501224219799,61
SHP0001,35.1060044383034,138.500776290894,62
SHP0001,35.1060044383034,138.500701189041,63
SHP0001,35.1060044383034,138.500628769398,64
SHP0001,35.1059803012729,138.500526845455,65
SHP0001,35.1059232501098,138.500408828259,66
SHP0001,35.1058661989467,138.500355184078,67
SHP0001,35.1057235710391,138.500255942345,68
SHP0001,35.1052891044896,138.499998450279,69
SHP0001,35.1051245338269,138.499896526337,70
SHP0001,35.1050235971537,138.499821424484,71
SHP0001,35.1048985234501,138.499708771706,72
SHP0001,35.104806363879,138.499609529972,73
SHP0001,35.1047163985834,138.499494194984,74
SHP0001,35.1045913248797,138.499301075935,75
SHP0001,35.1044662511761,138.499048948288,76
SHP0001,35.1042095209423,138.498370349407,77
SHP0001,35.1041700239832,138.498287200928,78
SHP0001,35.1040734758611,138.498158454895,79
SHP0001,35.1040098418715,138.498099446297,80
SHP0001,35.1034546901694,138.497715890408,81
SHP0001,35.1033120622617,138.497611284256,82
SHP0001,35.1031452973235,138.497482538223,83
SHP0001,35.1030465549259,138.497423529625,84
SHP0001,35.1029609781813,138.497391343117,85
SHP0001,35.1028622357837,138.497364521027,86
SHP0001,35.1024233806832,138.497297465801,87
SHP0001,35.1023948551016,138.497262597084,88
SHP0001,35.1020152454397,138.496769070625,89
SHP0001,35.1019735542051,138.496720790863,90
SHP0001,35.1019340572461,138.496691286564,91
SHP0001,35.1019121120715,138.49667519331,92
SHP0001,35.1017936081287,138.496629595757,93
SHP0001,35.1014951537542,138.49653840065,94
SHP0001,35.1014205401606,138.496500849724,95
SHP0001,35.101370066259,138.496449887753,96
SHP0001,35.1013108142876,138.496353328228,97
SHP0001,35.1012735074908,138.496251404285,98
SHP0001,35.1012669239385,138.496197760105,99
SHP0001,35.1012691184559,138.496114611626,100
SHP0001,35.1012800910432,138.496069014072,101
SHP0001,35.1013152033226,138.49596709013,102
SHP0001,35.1013481210844,138.495908081532,103
SHP0001,35.1013810388463,138.49585711956,104
SHP0001,35.1015763509002,138.49561303854,105
SHP0001,35.1019230846588,138.495108783245,106
SHP0001,35.1019340572461,138.495090007782,107
SHP0001,35.1020371881947,138.494939804077,108
SHP0001,35.1020635195008,138.494902253151,109
SHP0001,35.1023070840815,138.494564294815,110
SHP0001,35.1026013425152,138.494134939539,111
SHP0001,35.1028622357837,138.493754267693,112
SHP0001,35.1029390354263,138.49365234375,113
SHP0001,35.103134325946,138.493402898312,114
SHP0001,35.103535878363,138.493131995201,115
SHP0001,35.1038211341783,138.492946922779,116
SHP0001,35.1042248808708,138.492689430714,117
SHP0001,35.1043258175439,138.492657244205,118
SHP0001,35.1045408565432,138.492633104324,119
SHP0001,35.1047493127159,138.492676019669,120
SHP0001,35.1048831635216,138.49267333746,121
SHP0001,35.1050060429497,138.492638468742,122
SHP0001,35.1052276647755,138.492598235607,123
SHP0001,35.1055173091418,138.492512404919,124
SHP0001,35.1057433195186,138.492431938648,125
SHP0001,35.1059100844568,138.492386341095,126
SHP0001,35.1059671356199,138.492356836796,127
SHP0001,35.1060022440279,138.492327332497,128
SHP0001,35.106068072293,138.492238819599,129
SHP0001,35.1061865631701,138.492107391357,130
SHP0001,35.1062677513637,138.492034971714,131
SHP0001,35.1064059907204,138.491954505444,132
SHP0001,35.106535452975,138.491793572903,133
SHP0001,35.1065903098626,138.49166482687,134
SHP0001,35.1066078640666,138.491608500481,135
SHP0001,35.1066232239951,138.491493165493,136
SHP0001,35.1066254182706,138.491324186325,137
SHP0001,35.1065244815975,138.490052819252,138
SHP0001,35.1065157044955,138.489910662174,139
SHP0001,35.106517898771,138.489806056023,140
SHP0001,35.1065288701485,138.48973095417,141
SHP0001,35.1065464243525,138.489679992199,142
SHP0001,35.1065749499341,138.489631712437,143
SHP0001,35.1066122526176,138.489591479301,144
SHP0001,35.1066736923317,138.489545881748,145
SHP0001,35.1067329377703,138.489516377449,146
SHP0001,35.1068075431373,138.489502966404,147
SHP0001,35.1068997027085,138.489505648613,148
SHP0001,35.1071037703302,138.489551246166,149
SHP0001,35.1074592429616,138.489682674408,150
SHP0001,35.1080165889393,138.489824831486,151
SHP0001,35.1081752328159,138.489841453283,152
SHP0001,35.1083237875096,138.489857017994,153
SHP0001,35.1083347588871,138.489857017994,154
SHP0001,35.1085432150599,138.489870429039,155
SHP0001,35.1087121742736,138.489878475666,156
SHP0001,35.1088942991403,138.489873111248,157
SHP0001,35.1088942991403,138.489803373814,158
SHP0001,35.1088877163138,138.489398360252,159
SHP0001,35.1088877163138,138.489288389683,160
SHP0001,35.1088855220383,138.488961160183,161
SHP0001,35.1088899105893,138.488156497478,162
SHP0001,35.1087823910897,138.487469851971,163
SHP0001,35.1086880372431,138.487147986889,164
SHP0001,35.1084905524478,138.486689329147,165
SHP0001,35.1083347588871,138.48638355732,166
SHP0001,35.1083215932341,138.486356735229,167
SHP0001,35.1080122003883,138.485750555992,168
SHP0001,35.1079288179192,138.48561912775,169
SHP0001,35.1076918361649,138.485286533833,170
SHP0001,35.1074680200636,138.485066592693,171
SHP0001,35.1073846375945,138.484996855259,172
SHP0001,35.1072749238194,138.484921753407,173
SHP0001,35.1070796332997,138.484827876091,174
SHP0001,35.1059649413444,138.484393358231,175
SHP0001,35.1058991130793,138.484355807304,176
SHP0001,35.1058332848142,138.48428606987,177
SHP0001,35.1057915935796,138.484227061272,178
SHP0001,35.1057520966206,138.484135866165,179
SHP0001,35.1057169882126,138.484020531178,180
SHP0001,35.105697239733,138.483843505383,181
SHP0001,35.1057147939371,138.483746945858,182
SHP0001,35.1057367366921,138.483677208424,183
SHP0001,35.1057740393756,138.483602106571,184
SHP0001,35.1058354790897,138.483537733555,185
SHP0001,35.1059188615588,138.483484089375,186
SHP0001,35.1062501971597,138.483331203461,187
SHP0001,35.1063533281083,138.483269512653,188
SHP0001,35.1064169620979,138.483207821846,189
SHP0001,35.106522287322,138.483073711395,190
SHP0001,35.1066495553012,138.482859134674,191
SHP0001,35.1067680461783,138.482708930969,192
SHP0001,35.1068119316883,138.482666015625,193
SHP0001,35.106923839739,138.482564091682,194
SHP0001,35.1069918622796,138.482526540756,195
SHP0001,35.1071652100443,138.482454121113,196
SHP0001,35.1073495291865,138.482403159142,197
SHP0001,35.1075075170227,138.48232537508,198
SHP0001,35.1076369792773,138.48224490881,199
SHP0001,35.1078432411746,138.482175171375,200
SHP0001,35.108203102357,138.481775522232,201
SHP0001,35.1083347588871,138.48164409399,202
SHP0001,35.10863098608,138.481351733208,203
SHP0001,35.1088504136303,138.481083512306,204
SHP0001,35.1089513503034,138.480941355228,205
SHP0001,35.1092234404657,138.48047465086,206
SHP0001,35.1093463198938,138.480241298676,207
SHP0001,35.1093923996794,138.480134010315,208
SHP0001,35.1094143424344,138.480050861835,209
SHP0001,35.1094933363525,138.479769229889,210
SHP0001,35.1095459989646,138.479519784451,211
SHP0001,35.1095805171153,138.47934763361,212
SHP0001,35.1096008558521,138.479246199131,213
SHP0001,35.1096491299132,138.478929698467,214
SHP0001,35.1096732669437,138.478699028492,215
SHP0001,35.1097017925253,138.478522002697,216
SHP0001,35.1097303181068,138.478173315525,217
SHP0001,35.1097412894843,138.477604687214,218
SHP0001,35.1096622955662,138.476781249046,219
SHP0001,35.1096293814337,138.476577401161,220
SHP0001,35.109624912953,138.476448358541,221
SHP0002,35.109624912953,138.476448358541,1
SHP0002,35.1096293814337,138.476577401161,2
SHP0002,35.1096622955662,138.476781249046,3
SHP0002,35.1097412894843,138.477604687214,4
SHP0002,35.1097303181068,138.478173315525,5
SHP0002,35.1097017925253,138.478522002697,6
SHP0002,35.1096732669437,138.478699028492,7
SHP0002,35.1096491299132,138.478929698467,8
SHP0002,35.1096008558521,138.479246199131,9
SHP0002,35.1095805171153,138.47934763361,10
SHP0002,35.1095459989646,138.479519784451,11
SHP0002,35.1094933363525,138.479769229889,12
SHP0002,35.1094143424344,138.480050861835,13
SHP0002,35.1093923996794,138.480134010315,14
SHP0002,35.1093463198938,138.480241298676,15
SHP0002,35.1092234404657,138.48047465086,16
SHP0002,35.1089513503034,138.480941355228,17
SHP0002,35.1088504136303,138.481083512306,18
SHP0002,35.10863098608,138.481351733208,19
SHP0002,35.1083347588871,138.48164409399,20
SHP0002,35.108203102357,138.481775522232,21
SHP0002,35.1078432411746,138.482175171375,22
SHP0002,35.1076369792773,138.48224490881,23
SHP0002,35.1075075170227,138.48232537508,24
SHP0002,35.1073495291865,138.482403159142,25
SHP0002,35.1071652100443,138.482454121113,26
SHP0002,35.1069918622796,138.482526540756,27
SHP0002,35.106923839739,138.482564091682,28
SHP0002,35.1068119316883,138.482666015625,29
SHP0002,35.1067680461783,138.482708930969,30
SHP0002,35.1066495553012,138.482859134674,31
SHP0002,35.106522287322,138.483073711395,32
SHP0002,35.1064169620979,138.483207821846,33
SHP0002,35.1063533281083,138.483269512653,34
SHP0002,35.1062501971597,138.483331203461,35
SHP0002,35.1059188615588,138.483484089375,36
SHP0002,35.1058354790897,138.483537733555,37
SHP0002,35.1057740393756,138.483602106571,38
SHP0002,35.1057367366921,138.483677208424,39
SHP0002,35.1057147939371,138.483746945858,40
SHP0002,35.105697239733,138.483843505383,41
SHP0002,35.1057169882126,138.484020531178,42
SHP0002,35.1057520966206,138.484135866165,43
SHP0002,35.1057915935796,138.484227061272,44
SHP0002,35.1058332848142,138.48428606987,45
SHP0002,35.1058991130793,138.484355807304,46
SHP0002,35.1059649413444,138.484393358231,47
SHP0002,35.1070796332997,138.484827876091,48
SHP0002,35.1072749238194,138.484921753407,49
SHP0002,35.1073846375945,138.484996855259,50
SHP0002,35.1074680200636,138.485066592693,51
SHP0002,35.1076918361649,138.485286533833,52
SHP0002,35.1079288179192,138.48561912775,53
SHP0002,35.1080122003883,138.485750555992,54
SHP0002,35.1083215932341,138.486356735229,55
SHP0002,35.1083347588871,138.48638355732,56
SHP0002,35.1084905524478,138.486689329147,57
SHP0002,35.1086880372431,138.487147986889,58
SHP0002,35.1087823910897,138.487469851971,59
SHP0002,35.1088899105893,138.488156497478,60
SHP0002,35.1088855220383,138.488961160183,61
SHP0002,35.1088877163138,138.489288389683,62
SHP0002,35.1088877163138,138.489398360252,63
SHP0002,35.1088942991403,138.489803373814,64
SHP0002,35.1088942991403,138.489873111248,65
SHP0002,35.1087121742736,138.489878475666,66
SHP0002,35.1085432150599,138.489870429039,67
SHP0002,35.1083347588871,138.489857017994,68
SHP0002,35.1083237875096,138.489857017994,69
SHP0002,35.1081752328159,138.489841453283,70
SHP0002,35.1080165889393,138.489824831486,71
SHP0002,35.1074592429616,138.489682674408,72
SHP0002,35.1071037703302,138.489551246166,73
SHP0002,35.1068997027085,138.489505648613,74
SHP0002,35.1068075431373,138.489502966404,75
SHP0002,35.1067329377703,138.489516377449,76
SHP0002,35.1066736923317,138.489545881748,77
SHP0002,35.1066122526176,138.489591479301,78
SHP0002,35.1065749499341,138.489631712437,79
SHP0002,35.1065464243525,138.489679992199,80
SHP0002,35.1065288701485,138.48973095417,81
SHP0002,35.106517898771,138.489806056023,82
SHP0002,35.1065157044955,138.489910662174,83
SHP0002,35.1065244815975,138.490052819252,84
SHP0002,35.1066254182706,138.491324186325,85
SHP0002,35.1066232239951,138.491493165493,86
SHP0002,35.1066078640666,138.491608500481,87
SHP0002,35.1065903098626,138.49166482687,88
SHP0002,35.106535452975,138.491793572903,89
SHP0002,35.1064059907204,138.491954505444,90
SHP0002,35.1062677513637,138.492034971714,91
SHP0002,35.1061865631701,138.492107391357,92
SHP0002,35.106068072293,138.492238819599,93
SHP0002,35.1060022440279,138.492327332497,94
SHP0002,35.1059671356199,138.492356836796,95
SHP0002,35.1059100844568,138.492386341095,96
SHP0002,35.1057433195186,138.492431938648,97
SHP0002,35.1055173091418,138.492512404919,98
SHP0002,35.1052276647755,138.492598235607,99
SHP0002,35.1050060429497,138.492638468742,100
SHP0002,35.1048831635216,138.49267333746,101
SHP0002,35.1047493127159,138.492676019669,102
SHP0002,35.1045408565432,138.492633104324,103
SHP0002,35.1043258175439,138.492657244205,104
SHP0002,35.1042248808708,138.492689430714,105
SHP0002,35.1038211341783,138.492946922779,106
SHP0002,35.103535878363,138.493131995201,107
SHP0002,35.103134325946,138.493402898312,108
SHP0002,35.1029390354263,138.49365234375,109
SHP0002,35.1028622357837,138.493754267693,110
SHP0002,35.1026013425152,138.494134939539,111
SHP0002,35.1023070840815,138.494564294815,112
SHP0002,35.1020635195008,138.494902253151,113
SHP0002,35.1020371881947,138.494939804077,114
SHP0002,35.1019340572461,138.495090007782,115
SHP0002,35.1019230846588,138.495108783245,116
SHP0002,35.1015763509002,138.49561303854,117
SHP0002,35.1013810388463,138.49585711956,118
SHP0002,35.1013481210844,138.495908081532,119
SHP0002,35.1013152033226,138.49596709013,120
SHP0002,35.1012800910432,138.496069014072,121
SHP0002,35.1012691184559,138.496114611626,122
SHP0002,35.1012669239385,138.496197760105,123
SHP0002,35.1012735074908,138.496251404285,124
SHP0002,35.1013108142876,138.496353328228,125
SHP0002,35.101370066259,138.496449887753,126
SHP0002,35.1014205401606,138.496500849724,127
SHP0002,35.1014951537542,138.49653840065,128
SHP0002,35.1017936081287,138.496629595757,129
SHP0002,35.1019121120715,138.49667519331,130
SHP0002,35.1019340572461,138.496691286564,131
SHP0002,35.1019735542051,138.496720790863,132
SHP0002,35.1020152454397,138.496769070625,133
SHP0002,35.1023948551016,138.497262597084,134
SHP0002,35.1024233806832,138.497297465801,135
SHP0002,35.1028622357837,138.497364521027,136
SHP0002,35.1029609781813,138.497391343117,137
SHP0002,35.1030465549259,138.497423529625,138
SHP0002,35.1031452973235,138.497482538223,139
SHP0002,35.1033120622617,138.497611284256,140
SHP0002,35.1034546901694,138.497715890408,141
SHP0002,35.1040098418715,138.498099446297,142
SHP0002,35.1040734758611,138.498158454895,143
SHP0002,35.1041700239832,138.498287200928,144
SHP0002,35.1042095209423,138.498370349407,145
SHP0002,35.1044662511761,138.499048948288,146
SHP0002,35.1045913248797,138.499301075935,147
SHP0002,35.1047163985834,138.499494194984,148
SHP0002,35.104806363879,138.499609529972,149
SHP0002,35.1048985234501,138.499708771706,150
SHP0002,35.1050235971537,138.499821424484,151
SHP0002,35.1051245338269,138.499896526337,152
SHP0002,35.1052891044896,138.499998450279,153
SHP0002,35.1057235710391,138.500255942345,154
SHP0002,35.1058661989467,138.500355184078,155
SHP0002,35.1059232501098,138.500408828259,156
SHP0002,35.1059803012729,138.500526845455,157
SHP0002,35.1060044383034,138.500628769398,158
SHP0002,35.1060044383034,138.500701189041,159
SHP0002,35.1060044383034,138.500776290894,160
SHP0002,35.1059737184464,138.501224219799,161
SHP0002,35.1059803012729,138.501393198967,162
SHP0002,35.1059912726504,138.501524627209,163
SHP0002,35.106076849395,138.501760661602,164
SHP0002,35.1061931459966,138.501940369606,165
SHP0002,35.1063511338328,138.502130806446,166
SHP0002,35.1064937617405,138.502278327942,167
SHP0002,35.1065595900056,138.502358794212,168
SHP0002,35.1066298068216,138.502479493618,169
SHP0002,35.1066649152297,138.502568006516,170
SHP0002,35.1066846637092,138.502659201622,171
SHP0002,35.1066978293622,138.502820134163,172
SHP0002,35.1066846637092,138.502967655659,173
SHP0002,35.1066605266787,138.503115177155,174
SHP0002,35.1066056697911,138.503284156322,175
SHP0002,35.106500344567,138.503547012806,176
SHP0002,35.1064189888395,138.503708116171,177
SHP0002,35.1063906307919,138.503764271736,178
SHP0002,35.1059429985893,138.504638671875,179
SHP0002,35.1058201191612,138.504861295223,180
SHP0002,35.105710405386,138.505000770092,181
SHP0002,35.1055831374069,138.505110740662,182
SHP0002,35.1054251495707,138.505164384842,183
SHP0002,35.1052013334695,138.50516974926,184
SHP0002,35.1051925563674,138.50516974926,185
SHP0002,35.1048699978686,138.505161702633,186
SHP0002,35.1041678297077,138.505027592182,187
SHP0002,35.1041217499222,138.505014181137,188
SHP0002,35.1034020275573,138.504829108715,189
SHP0002,35.1033010908842,138.504802286625,190
SHP0002,35.1032330683436,138.504783511162,191
SHP0002,35.1028644300592,138.504751324654,192
SHP0002,35.1024892089482,138.504745960236,193
SHP0002,35.1023421924896,138.504729866982,194
SHP0002,35.1021690791053,138.504726453949,195
SHP0002,35.1019340572461,138.504721820354,196
SHP0002,35.1016026851097,138.504729866982,197
SHP0002,35.1013766498114,138.504796922207,198
SHP0002,35.1013305649448,138.504821062088,199
SHP0002,35.1010606392973,138.50497931242,200
SHP0002,35.1008038807545,138.505153656006,201
SHP0002,35.1006063741832,138.505311906338,202
SHP0002,35.1004220347166,138.505488932133,203
SHP0002,35.1002684184945,138.505735695362,204
SHP0002,35.1001740542437,138.505907356739,205
SHP0002,35.1000840790279,138.506113886833,206
SHP0002,35.1000006873644,138.506360650063,207
SHP0002,35.0999524079803,138.506551086903,208
SHP0002,35.0999502134628,138.506744205952,209
SHP0002,35.0999765476724,138.50702047348,210
SHP0002,35.1000006873644,138.507414758205,211
SHP0002,35.1000116599517,138.507524728775,212
SHP0002,35.1000094654342,138.507661521435,213
SHP0002,35.1000006873644,138.507685661316,214
SHP0002,35.0999831312247,138.507747352123,215
SHP0002,35.0998668217994,138.507951200008,216
SHP0002,35.0997746520661,138.508168458939,217
SHP0002,35.0997592904439,138.508332073689,218
SHP0002,35.0997439288217,138.508619070053,219
SHP0002,35.0997472930591,138.508795880803,220
SHP0002,35.0995421299858,138.508806824684,221
SHP0003,35.109624912953,138.476448358541,1
SHP0003,35.1096118272297,138.476070463657,2
SHP0003,35.1095876901991,138.475780785084,3
SHP0003,35.1095723302706,138.475405275822,4
SHP0003,35.1095284447606,138.474997580051,5
SHP0003,35.1093967882304,138.474192917347,6
SHP0003,35.1091707778536,138.472677469254,7
SHP0003,35.109080812558,138.472191989422,8
SHP0003,35.109076424007,138.4716796875,9
SHP0003,35.1090698411805,138.47113519907,10
SHP0003,35.109032538497,138.470920622349,11
SHP0003,35.1089908472624,138.470794558525,12
SHP0003,35.1087823910897,138.47034662962,13
SHP0003,35.1087889739162,138.47004622221,14
SHP0003,35.1088921048648,138.469574153423,15
SHP0003,35.1088964934158,138.469413220882,16
SHP0003,35.1088723563853,138.46914768219,17
SHP0003,35.1088109166712,138.468817770481,18
SHP0003,35.1087516712326,138.468581736088,19
SHP0003,35.1086200147025,138.468235731125,20
SHP0003,35.1083347588871,138.467573225498,21
SHP0003,35.1082974562036,138.46743106842,22
SHP0003,35.1083193989586,138.466851711273,23
SHP0003,35.1083347588871,138.466744422913,24
SHP0003,35.1083457302647,138.466666638851,25
SHP0003,35.1083479245402,138.466650545597,26
SHP0003,35.1083740160102,138.466454401552,27
SHP0003,35.1083918100502,138.466320633888,28
SHP0003,35.1084642211418,138.465950489044,29
SHP0003,35.1085849062944,138.465564250946,30
SHP0003,35.1088218880487,138.464992940426,31
SHP0003,35.1088504136303,138.464880287647,32
SHP0003,35.1088964934158,138.464641571045,33
SHP0003,35.1089359903749,138.464292883873,34
SHP0003,35.1089623216809,138.463584780693,35
SHP0003,35.1089666396058,138.463460025909,36
SHP0003,35.1089864587114,138.462887406349,37
SHP0003,35.1091203095171,138.462839126587,38
SHP0003,35.1093287656898,138.462782800198,39
SHP0003,35.1094275080874,138.462772071362,40
SHP0003,35.1095262504851,138.462788164616,41
SHP0003,35.1098861116675,138.462919592857,42
SHP0003,35.1104280977166,138.463134169579,43
SHP0003,35.1105663370733,138.463169038296,44
SHP0003,35.1106914107769,138.463182449341,45
SHP0003,35.1109218097047,138.463150262833,46
SHP0003,35.1109634963416,138.463147580624,47
SHP0003,35.111075392051,138.463099300861,48
SHP0003,35.1118301395814,138.462672829628,49
SHP0003,35.1123983942627,138.462289273739,50
SHP0003,35.1129885892792,138.461817204952,51
SHP0003,35.113732366642,138.461152017117,52
SHP0003,35.1142150540161,138.460693359375,53
SHP0003,35.114350452064,138.460563698673,54
SHP0003,35.1144783380383,138.460441231728,55
SHP0003,35.1150400106191,138.459864556789,56
SHP0003,35.11544590682,138.459349572659,57
SHP0003,35.1157311311774,138.458925783634,58
SHP0003,35.1160646242722,138.458333015442,59
SHP0003,35.1163564307302,138.457801938057,60
SHP0003,35.116562669881,138.457539081573,61
SHP0003,35.1166679834899,138.457410335541,62
SHP0003,35.1167513567636,138.457308411598,63
SHP0003,35.1168237598697,138.457198441029,64
SHP0003,35.1174095668191,138.456074595451,65
SHP0003,35.1175455968973,138.45577955246,66
SHP0003,35.1176070298358,138.455602526665,67
SHP0003,35.1176399403386,138.455457687378,68
SHP0003,35.1176574926067,138.455259203911,69
SHP0003,35.1176465224391,138.455055356026,70
SHP0003,35.117624582104,138.454905152321,71
SHP0003,35.1175675372325,138.454712033272,72
SHP0003,35.1174775818582,138.454473316669,73
SHP0003,35.1173591040482,138.454231917858,74
SHP0003,35.1171462827969,138.453896641731,75
SHP0003,35.1170256109534,138.453722298145,76
SHP0003,35.1169575959143,138.453513085842,77
SHP0003,35.116918103311,138.45330119133,78
SHP0003,35.1168961629758,138.453105390072,79
SHP0003,35.1168851928082,138.452874720097,80
SHP0003,35.1168915998539,138.45280187671,81
SHP0003,35.1169071331434,138.452625274658,82
SHP0003,35.1169883123836,138.452416062355,83
SHP0003,35.117100208093,138.45223903656,84
SHP0003,35.1174446713554,138.451834022999,85
SHP0003,35.1175609551319,138.451683819294,86
SHP0003,35.1176794329419,138.451463878155,87
SHP0003,35.1179339408301,138.451032042503,88
SHP0003,35.1181643143495,138.450683355331,89
SHP0003,35.1182323293886,138.450613617897,90
SHP0003,35.1184122401371,138.450511693954,91
SHP0003,35.1187172107962,138.45036149025,92
SHP0003,35.1188115542375,138.450286388397,93
SHP0003,35.1188751812095,138.450168371201,94
SHP0003,35.1189146738129,138.449999392033,95
SHP0003,35.1189190618799,138.449881374836,96
SHP0003,35.1188905394442,138.449766039848,97
SHP0003,35.118864211042,138.44970703125,98
SHP0003,35.1188356886062,138.449648022652,99
SHP0003,35.1187610914666,138.449572920799,100
SHP0003,35.1184912253438,138.449361026287,101
SHP0003,35.1183837177014,138.449251055717,102
SHP0003,35.1183047324947,138.449122309685,103
SHP0003,35.1182103890534,138.448915779591,104
SHP0003,35.1181138515786,138.448567092419,105
SHP0003,35.1180524186401,138.448113799095,106
SHP0003,35.1180063439362,138.447660505772,107
SHP0003,35.1180063439362,138.447271585464,108
SHP0003,35.1180743589753,138.446914851665,109
SHP0003,35.1182652398914,138.446297943592,110
SHP0003,35.1184122401371,138.445879518986,111
SHP0003,35.1185482702153,138.445434272289,112
SHP0003,35.1185921508857,138.445243835449,113
SHP0003,35.1186382255895,138.444975614548,114
SHP0003,35.1186886883605,138.444769084454,115
SHP0003,35.1187961960029,138.444490134716,116
SHP0003,35.1194390478238,138.442921042442,117
SHP0003,35.1195619137009,138.442668914795,118
SHP0003,35.1196365108405,138.442534804344,119
SHP0003,35.1196705456325,138.442481452689,120
SHP0003,35.1199085709968,138.442108333111,121
SHP0003,35.1201191749815,138.441845476627,122
SHP0003,35.1202924845106,138.441665768623,123
SHP0003,35.1205074760783,138.441488742828,124
SHP0003,35.1206698166498,138.441405594349,125
SHP0003,35.1210581177466,138.441295623779,126
SHP0003,35.1214639691754,138.441241979599,127
SHP0003,35.121773293778,138.441180288792,128
SHP0003,35.1219663474306,138.441118597984,129
SHP0003,35.1221308817936,138.441078364849,130
SHP0003,35.1223502609444,138.440971076488,131
SHP0003,35.1224621443112,138.440890610218,132
SHP0003,35.1227385620411,138.440606296062,133
SHP0003,35.1227802440798,138.440571427345,134
SHP0003,35.1230303363116,138.440429270267,135
SHP0003,35.1231180879719,138.440389037132,136
SHP0003,35.1231709964842,138.440369552835,137
SHP0003,35.123300172667,138.440321981907,138
SHP0003,35.1234712884046,138.44028711319,139
SHP0003,35.123589753146,138.440273702145,140
SHP0003,35.1238552019183,138.440295159817,141
SHP0003,35.1243180919264,138.440413177013,142
SHP0003,35.1244563007913,138.440415859222,143
SHP0003,35.1245330834941,138.440407812595,144
SHP0003,35.1246076724053,138.440383672714,145
SHP0003,35.1246932302741,138.440338075161,146
SHP0003,35.1247787881429,138.440271019936,147
SHP0003,35.1248753149692,138.440153002739,148
SHP0003,35.1249060280503,138.44009667635,149
SHP0003,35.1249455162975,138.439989387989,150
SHP0003,35.124969648004,138.439868688583,151
SHP0003,35.1249762293785,138.43976944685,152
SHP0003,35.124965260421,138.439528048038,153
SHP0003,35.1248950590928,138.439037203789,154
SHP0003,35.1248775087607,138.438774347305,155
SHP0003,35.1248731211777,138.438720703125,156
SHP0003,35.1248731211777,138.438152074814,157
SHP0003,35.1248643460117,138.437934815884,158
SHP0003,35.1248467956796,138.437795341015,159
SHP0003,35.124805113641,138.437588810921,160
SHP0003,35.1246471606525,138.436950445175,161
SHP0003,35.1246339979034,138.436872661114,162
SHP0003,35.1246361916949,138.436778783798,163
SHP0003,35.1247239433552,138.436585664749,164
SHP0003,35.1248423691573,138.436463035062,165
SHP0003,35.1249389349229,138.436363041401,166
SHP0003,35.1250003610851,138.436309397221,167
SHP0003,35.1251319885756,138.43620210886,168
SHP0003,35.1250091362512,138.435896337032,169
SHP0003,35.1250003610851,138.435872197151,170
SHP0003,35.1248906715098,138.435569107533,171
SHP0003,35.1247239433552,138.435110449791,172
SHP0003,35.1245616027837,138.434767127037,173
SHP0003,35.1243137043434,138.434370160103,174
SHP0003,35.1241776892699,138.434198498726,175
SHP0003,35.124048255571,138.434075117111,176
SHP0003,35.1238420391693,138.433930277824,177
SHP0003,35.1235590400649,138.433801531792,178
SHP0003,35.1233177229991,138.433718383312,179
SHP0003,35.1223875554,138.433635234833,180
SHP0003,35.1220102232607,138.433568179607,181
SHP0003,35.1219052723821,138.433535839614,182
SHP0003,35.1220102232607,138.433568179607,183
SHP0003,35.1223875554,138.433635234833,184
SHP0003,35.1233177229991,138.433718383312,185
SHP0003,35.1235590400649,138.433801531792,186
SHP0003,35.1238420391693,138.433930277824,187
SHP0003,35.124048255571,138.434075117111,188
SHP0003,35.1241776892699,138.434198498726,189
SHP0003,35.1243137043434,138.434370160103,190
SHP0003,35.1245616027837,138.434767127037,191
SHP0003,35.1247239433552,138.435110449791,192
SHP0003,35.1248906715098,138.435569107533,193
SHP0003,35.1250003610851,138.435872197151,194
SHP0003,35.1250091362512,138.435896337032,195
SHP0003,35.1251319885756,138.43620210886,196
SHP0003,35.1256168164987,138.435888290405,197
SHP0003,35.1258405832324,138.435590565205,198
SHP0003,35.1262113339971,138.435019254684,199
SHP0003,35.1262903104914,138.434842228889,200
SHP0003,35.1263341863215,138.434670567513,201
SHP0003,35.1263583180281,138.434582054615,202
SHP0003,35.1264899455185,138.434308469296,203
SHP0003,35.1265184648082,138.43426823616,204
SHP0003,35.126617185426,138.434185087681,205
SHP0003,35.1268255956192,138.434064388275,206
SHP0003,35.1271546643452,138.433852493763,207
SHP0003,35.127395981411,138.433619141579,208
SHP0003,35.1275890350637,138.433404564857,209
SHP0003,35.1276219419363,138.433383107185,210
SHP0003,35.1276653583451,138.433354290984,211
SHP0003,35.127698724639,138.433332145214,212
SHP0003,35.1277316315117,138.433310687542,213
SHP0003,35.1279159099983,138.433232903481,214
SHP0003,35.1288000079757,138.432964682579,215
SHP0003,35.1288943410105,138.432911038399,216
SHP0003,35.1295721477963,138.432500660419,217
SHP0003,35.1297739543474,138.432484567165,218
SHP0003,35.1305307289141,138.432578444481,219
SHP0003,35.1309030201739,138.432646846467,220
SHP0003,35.1309540839616,138.432656228542,221
SHP0003,35.1312238905462,138.432766199112,222
SHP0003,35.13141472935,138.432862758636,223
SHP0003,35.1320618264433,138.433189988136,224
SHP0003,35.1324281492045,138.433332145214,225
SHP0003,35.1326620122742,138.433413205029,226
SHP0003,35.1329853107696,138.433525264263,227
SHP0003,35.1333340851351,138.433621823788,228
SHP0003,35.1336784724017,138.43369692564,229
SHP0003,35.13393292414,138.433739840984,230
SHP0003,35.1340123955013,138.433742186594,231
SHP0003,35.134569053486,138.433758616447,232
SHP0003,35.13463485997,138.433772027493,233
SHP0003,35.1347401503445,138.433839082718,234
SHP0003,35.13508892471,138.434085845947,235
SHP0003,35.1361681510486,138.434230685234,236
SHP0003,35.1367143448663,138.434292376041,237
SHP0003,35.1368905551774,138.434347623448,238
SHP0003,35.1369709901542,138.434372842312,239
SHP0003,35.1371091837707,138.434402346611,240
SHP0003,35.1378791196342,138.434506952763,241
SHP0003,35.1381094169115,138.434539139271,242
SHP0003,35.1386467772252,138.434539139271,243
SHP0003,35.1389955131023,138.434506952763,244
SHP0003,35.1392038773055,138.434464037418,245
SHP0003,35.1395416466456,138.434354066849,246
SHP0003,35.1401316463369,138.434101939201,247
SHP0003,35.1402851778551,138.434005379677,248
SHP0003,35.14045844914,138.433855175972,249
SHP0003,35.1409607165352,138.433332145214,250
SHP0003,35.1414607906231,138.432803750038,251
SHP0003,35.1415901957598,138.432640135288,252
SHP0003,35.141665908365,138.432547545881,253
SHP0003,35.1416669615189,138.432546257973,254
SHP0003,35.1419784111701,138.432170748711,255
SHP0003,35.1421319426883,138.432017862797,256
SHP0003,35.1423622399656,138.431827425957,257
SHP0003,35.1425420911727,138.431717455387,258
SHP0003,35.1431277042492,138.431462645531,259
SHP0003,35.1437352503998,138.431258797646,260
SHP0003,35.1439282614513,138.431210517883,261
SHP0003,35.1440181870548,138.431154191494,262
SHP0003,35.1442265512581,138.430867195129,263
SHP0003,35.1443164768616,138.430792093277,264
SHP0003,35.1446937257349,138.430628478527,265
SHP0003,35.1448406773309,138.4306204319,266
SHP0003,35.1449744690824,138.430655300617,267
SHP0003,35.1450775545304,138.430660665035,268
SHP0003,35.1450857259744,138.430659928715,269
SHP0003,35.1452859187336,138.430641889572,270
SHP0003,35.1454482234815,138.43059360981,271
SHP0003,35.1457136136772,138.430497050285,272
SHP0003,35.145843018814,138.430470228195,273
SHP0003,35.1461303420837,138.430448770523,274
SHP0003,35.1466523492456,138.430448770523,275
SHP0003,35.1467664012306,138.430475592613,276
SHP0003,35.1468629067563,138.43051046133,277
SHP0003,35.1471611636384,138.430660665035,278
SHP0003,35.1475339847411,138.430800139904,279
SHP0003,35.1482598893587,138.430918157101,280
SHP0003,35.1491129917642,138.430993258953,281
SHP0003,35.1494573030178,138.431189060211,282
SHP0003,35.149536253369,138.431223928928,283
SHP0003,35.1496612580917,138.431250751019,284
SHP0003,35.1499050777109,138.431248827139,285
SHP0003,35.1500011832147,138.43124806881,286
SHP0003,35.1501393463292,138.431240022182,287
SHP0003,35.1502972470315,138.431202471256,288
SHP0003,35.1507643699425,138.431038856506,289
SHP0003,35.1514223170336,138.430772366162,290
SHP0003,35.1514398340579,138.430765271187,291
SHP0003,35.1516021208909,138.43073040247,292
SHP0003,35.151992486516,138.430690169334,293
SHP0003,35.1521262634999,138.430660665035,294
SHP0003,35.1522731988757,138.43059360981,295
SHP0003,35.1524091689249,138.43048363924,296
SHP0003,35.1527863761582,138.430116176605,297
SHP0003,35.1530890191709,138.429845273495,298
SHP0003,35.1536021964534,138.429475128651,299
SHP0003,35.1539465077071,138.429263234138,300
SHP0003,35.1545452145367,138.428957462311,301
SHP0003,35.1553632278972,138.4283593297,302
SHP0004,35.1553632278972,138.4283593297,1
SHP0004,35.1545452145367,138.428957462311,2
SHP0004,35.1539465077071,138.429263234138,3
SHP0004,35.1536021964534,138.429475128651,4
SHP0004,35.1530890191709,138.429845273495,5
SHP0004,35.1527863761582,138.430116176605,6
SHP0004,35.1524091689249,138.43048363924,7
SHP0004,35.1522731988757,138.43059360981,8
SHP0004,35.1521262634999,138.430660665035,9
SHP0004,35.151992486516,138.430690169334,10
SHP0004,35.1516021208909,138.43073040247,11
SHP0004,35.1514398340579,138.430765271187,12
SHP0004,35.1514223170336,138.430772366162,13
SHP0004,35.1507643699425,138.431038856506,14
SHP0004,35.1502972470315,138.431202471256,15
SHP0004,35.1501393463292,138.431240022182,16
SHP0004,35.1500011832147,138.43124806881,17
SHP0004,35.1499050777109,138.431248827139,18
SHP0004,35.1496612580917,138.431250751019,19
SHP0004,35.149536253369,138.431223928928,20
SHP0004,35.1494573030178,138.431189060211,21
SHP0004,35.1491129917642,138.430993258953,22
SHP0004,35.1482598893587,138.430918157101,23
SHP0004,35.1475339847411,138.430800139904,24
SHP0004,35.1471611636384,138.430660665035,25
SHP0004,35.1468629067563,138.43051046133,26
SHP0004,35.1467664012306,138.430475592613,27
SHP0004,35.1466523492456,138.430448770523,28
SHP0004,35.1461303420837,138.430448770523,29
SHP0004,35.145843018814,138.430470228195,30
SHP0004,35.1457136136772,138.430497050285,31
SHP0004,35.1454482234815,138.43059360981,32
SHP0004,35.1452859187336,138.430641889572,33
SHP0004,35.1450857259744,138.430659928715,34
SHP0004,35.1450775545304,138.430660665035,35
SHP0004,35.1449744690824,138.430655300617,36
SHP0004,35.1448406773309,138.4306204319,37
SHP0004,35.1446937257349,138.430628478527,38
SHP0004,35.1443164768616,138.430792093277,39
SHP0004,35.1442265512581,138.430867195129,40
SHP0004,35.1440181870548,138.431154191494,41
SHP0004,35.1439282614513,138.431210517883,42
SHP0004,35.1437352503998,138.431258797646,43
SHP0004,35.1431277042492,138.431462645531,44
SHP0004,35.1425420911727,138.431717455387,45
SHP0004,35.1423622399656,138.431827425957,46
SHP0004,35.1421319426883,138.432017862797,47
SHP0004,35.1419784111701,138.432170748711,48
SHP0004,35.1416669615189,138.432546257973,49
SHP0004,35.141665908365,138.432547545881,50
SHP0004,35.1415901957598,138.432640135288,51
SHP0004,35.1414607906231,138.432803750038,52
SHP0004,35.1409607165352,138.433332145214,53
SHP0004,35.14045844914,138.433855175972,54
SHP0004,35.1402851778551,138.434005379677,55
SHP0004,35.1401316463369,138.434101939201,56
SHP0004,35.1395416466456,138.434354066849,57
SHP0004,35.1392038773055,138.434464037418,58
SHP0004,35.1389955131023,138.434506952763,59
SHP0004,35.1386467772252,138.434539139271,60
SHP0004,35.1381094169115,138.434539139271,61
SHP0004,35.1378791196342,138.434506952763,62
SHP0004,35.1371091837707,138.434402346611,63
SHP0004,35.1369709901542,138.434372842312,64
SHP0004,35.1368905551774,138.434347623448,65
SHP0004,35.1367143448663,138.434292376041,66
SHP0004,35.1361681510486,138.434230685234,67
SHP0004,35.13508892471,138.434085845947,68
SHP0004,35.1347401503445,138.433839082718,69
SHP0004,35.13463485997,138.433772027493,70
SHP0004,35.134569053486,138.433758616447,71
SHP0004,35.1340123955013,138.433742186594,72
SHP0004,35.13393292414,138.433739840984,73
SHP0004,35.1336784724017,138.43369692564,74
SHP0004,35.1333340851351,138.433621823788,75
SHP0004,35.1329853107696,138.433525264263,76
SHP0004,35.1326620122742,138.433413205029,77
SHP0004,35.1324281492045,138.433332145214,78
SHP0004,35.1320618264433,138.433189988136,79
SHP0004,35.13141472935,138.432862758636,80
SHP0004,35.1312238905462,138.432766199112,81
SHP0004,35.1309540839616,138.432656228542,82
SHP0004,35.1309030201739,138.432646846467,83
SHP0004,35.1305307289141,138.432578444481,84
SHP0004,35.1297739543474,138.432484567165,85
SHP0004,35.1295721477963,138.432500660419,86
SHP0004,35.1288943410105,138.432911038399,87
SHP0004,35.1288000079757,138.432964682579,88
SHP0004,35.1279159099983,138.433232903481,89
SHP0004,35.1277316315117,138.433310687542,90
SHP0004,35.127698724639,138.433332145214,91
SHP0004,35.1276653583451,138.433354290984,92
SHP0004,35.1276219419363,138.433383107185,93
SHP0004,35.1275890350637,138.433404564857,94
SHP0004,35.127395981411,138.433619141579,95
SHP0004,35.1271546643452,138.433852493763,96
SHP0004,35.1268255956192,138.434064388275,97
SHP0004,35.126617185426,138.434185087681,98
SHP0004,35.1265184648082,138.43426823616,99
SHP0004,35.1264899455185,138.434308469296,100
SHP0004,35.1263583180281,138.434582054615,101
SHP0004,35.1263341863215,138.434670567513,102
SHP0004,35.1262903104914,138.434842228889,103
SHP0004,35.1262113339971,138.435019254684,104
SHP0004,35.1258405832324,138.435590565205,105
SHP0004,35.1256168164987,138.435888290405,106
SHP0004,35.1251319885756,138.43620210886,107
SHP0004,35.1250091362512,138.435896337032,108
SHP0004,35.1250003610851,138.435872197151,109
SHP0004,35.1248906715098,138.435569107533,110
SHP0004,35.1247239433552,138.435110449791,111
SHP0004,35.1245616027837,138.434767127037,112
SHP0004,35.1243137043434,138.434370160103,113
SHP0004,35.1241776892699,138.434198498726,114
SHP0004,35.124048255571,138.434075117111,115
SHP0004,35.1238420391693,138.433930277824,116
SHP0004,35.1235590400649,138.433801531792,117
SHP0004,35.1233177229991,138.433718383312,118
SHP0004,35.1223875554,138.433635234833,119
SHP0004,35.1220102232607,138.433568179607,120
SHP0004,35.1219052723821,138.433535839614,121
SHP0004,35.1220102232607,138.433568179607,122
SHP0004,35.1223875554,138.433635234833,123
SHP0004,35.1233177229991,138.433718383312,124
SHP0004,35.1235590400649,138.433801531792,125
SHP0004,35.1238420391693,138.433930277824,126
SHP0004,35.124048255571,138.434075117111,127
SHP0004,35.1241776892699,138.434198498726,128
SHP0004,35.1243137043434,138.434370160103,129
SHP0004,35.1245616027837,138.434767127037,130
SHP0004,35.1247239433552,138.435110449791,131
SHP0004,35.1248906715098,138.435569107533,132
SHP0004,35.1250003610851,138.435872197151,133
SHP0004,35.1250091362512,138.435896337032,134
SHP0004,35.1251319885756,138.43620210886,135
SHP0004,35.1250003610851,138.436309397221,136
SHP0004,35.1249389349229,138.436363041401,137
SHP0004,35.1248423691573,138.436463035062,138
SHP0004,35.1247239433552,138.436585664749,139
SHP0004,35.1246361916949,138.436778783798,140
SHP0004,35.1246339979034,138.436872661114,141
SHP0004,35.1246471606525,138.436950445175,142
SHP0004,35.124805113641,138.437588810921,143
SHP0004,35.1248467956796,138.437795341015,144
SHP0004,35.1248643460117,138.437934815884,145
SHP0004,35.1248731211777,138.438152074814,146
SHP0004,35.1248731211777,138.438720703125,147
SHP0004,35.1248775087607,138.438774347305,148
SHP0004,35.1248950590928,138.439037203789,149
SHP0004,35.124965260421,138.439528048038,150
SHP0004,35.1249762293785,138.43976944685,151
SHP0004,35.124969648004,138.439868688583,152
SHP0004,35.1249455162975,138.439989387989,153
SHP0004,35.1249060280503,138.44009667635,154
SHP0004,35.1248753149692,138.440153002739,155
SHP0004,35.1247787881429,138.440271019936,156
SHP0004,35.1246932302741,138.440338075161,157
SHP0004,35.1246076724053,138.440383672714,158
SHP0004,35.1245330834941,138.440407812595,159
SHP0004,35.1244563007913,138.440415859222,160
SHP0004,35.1243180919264,138.440413177013,161
SHP0004,35.1238552019183,138.440295159817,162
SHP0004,35.123589753146,138.440273702145,163
SHP0004,35.1234712884046,138.44028711319,164
SHP0004,35.123300172667,138.440321981907,165
SHP0004,35.1231709964842,138.440369552835,166
SHP0004,35.1231180879719,138.440389037132,167
SHP0004,35.1230303363116,138.440429270267,168
SHP0004,35.1227802440798,138.440571427345,169
SHP0004,35.1227385620411,138.440606296062,170
SHP0004,35.1224621443112,138.440890610218,171
SHP0004,35.1223502609444,138.440971076488,172
SHP0004,35.1221308817936,138.441078364849,173
SHP0004,35.1219663474306,138.441118597984,174
SHP0004,35.121773293778,138.441180288792,175
SHP0004,35.1214639691754,138.441241979599,176
SHP0004,35.1210581177466,138.441295623779,177
SHP0004,35.1206698166498,138.441405594349,178
SHP0004,35.1205074760783,138.441488742828,179
SHP0004,35.1202924845106,138.441665768623,180
SHP0004,35.1201191749815,138.441845476627,181
SHP0004,35.1199085709968,138.442108333111,182
SHP0004,35.1196705456325,138.442481452689,183
SHP0004,35.1196365108405,138.442534804344,184
SHP0004,35.1195619137009,138.442668914795,185
SHP0004,35.1194390478238,138.442921042442,186
SHP0004,35.1187961960029,138.444490134716,187
SHP0004,35.1186886883605,138.444769084454,188
SHP0004,35.1186382255895,138.444975614548,189
SHP0004,35.1185921508857,138.445243835449,190
SHP0004,35.1185482702153,138.445434272289,191
SHP0004,35.1184122401371,138.445879518986,192
SHP0004,35.1182652398914,138.446297943592,193
SHP0004,35.1180743589753,138.446914851665,194
SHP0004,35.1180063439362,138.447271585464,195
SHP0004,35.1180063439362,138.447660505772,196
SHP0004,35.1180524186401,138.448113799095,197
SHP0004,35.1181138515786,138.448567092419,198
SHP0004,35.1182103890534,138.448915779591,199
SHP0004,35.1183047324947,138.449122309685,200
SHP0004,35.1183837177014,138.449251055717,201
SHP0004,35.1184912253438,138.449361026287,202
SHP0004,35.1187610914666,138.449572920799,203
SHP0004,35.1188356886062,138.449648022652,204
SHP0004,35.118864211042,138.44970703125,205
SHP0004,35.1188905394442,138.449766039848,206
SHP0004,35.1189190618799,138.449881374836,207
SHP0004,35.1189146738129,138.449999392033,208
SHP0004,35.1188751812095,138.450168371201,209
SHP0004,35.1188115542375,138.450286388397,210
SHP0004,35.1187172107962,138.45036149025,211
SHP0004,35.1184122401371,138.450511693954,212
SHP0004,35.1182323293886,138.450613617897,213
SHP0004,35.1181643143495,138.450683355331,214
SHP0004,35.1179339408301,138.451032042503,215
SHP0004,35.1176794329419,138.451463878155,216
SHP0004,35.1175609551319,138.451683819294,217
SHP0004,35.1174446713554,138.451834022999,218
SHP0004,35.117100208093,138.45223903656,219
SHP0004,35.1169883123836,138.452416062355,220
SHP0004,35.1169071331434,138.452625274658,221
SHP0004,35.1168915998539,138.45280187671,222
SHP0004,35.1168851928082,138.452874720097,223
SHP0004,35.1168961629758,138.453105390072,224
SHP0004,35.116918103311,138.45330119133,225
SHP0004,35.1169575959143,138.453513085842,226
SHP0004,35.1170256109534,138.453722298145,227
SHP0004,35.1171462827969,138.453896641731,228
SHP0004,35.1173591040482,138.454231917858,229
SHP0004,35.1174775818582,138.454473316669,230
SHP0004,35.1175675372325,138.454712033272,231
SHP0004,35.117624582104,138.454905152321,232
SHP0004,35.1176465224391,138.455055356026,233
SHP0004,35.1176574926067,138.455259203911,234
SHP0004,35.1176399403386,138.455457687378,235
SHP0004,35.1176070298358,138.455602526665,236
SHP0004,35.1175455968973,138.45577955246,237
SHP0004,35.1174095668191,138.456074595451,238
SHP0004,35.1168237598697,138.457198441029,239
SHP0004,35.1167513567636,138.457308411598,240
SHP0004,35.1166679834899,138.457410335541,241
SHP0004,35.116562669881,138.457539081573,242
SHP0004,35.1163564307302,138.457801938057,243
SHP0004,35.1160646242722,138.458333015442,244
SHP0004,35.1157311311774,138.458925783634,245
SHP0004,35.11544590682,138.459349572659,246
SHP0004,35.1150400106191,138.459864556789,247
SHP0004,35.1144783380383,138.460441231728,248
SHP0004,35.114350452064,138.460563698673,249
SHP0004,35.1142150540161,138.460693359375,250
SHP0004,35.113732366642,138.461152017117,251
SHP0004,35.1129885892792,138.461817204952,252
SHP0004,35.1123983942627,138.462289273739,253
SHP0004,35.1118301395814,138.462672829628,254
SHP0004,35.111075392051,138.463099300861,255
SHP0004,35.1109634963416,138.463147580624,256
SHP0004,35.1109218097047,138.463150262833,257
SHP0004,35.1106914107769,138.463182449341,258
SHP0004,35.1105663370733,138.463169038296,259
SHP0004,35.1104280977166,138.463134169579,260
SHP0004,35.1098861116675,138.462919592857,261
SHP0004,35.1095262504851,138.462788164616,262
SHP0004,35.1094275080874,138.462772071362,263
SHP0004,35.1093287656898,138.462782800198,264
SHP0004,35.1091203095171,138.462839126587,265
SHP0004,35.1089864587114,138.462887406349,266
SHP0004,35.1089666396058,138.463460025909,267
SHP0004,35.1089623216809,138.463584780693,268
SHP0004,35.1089359903749,138.464292883873,269
SHP0004,35.1088964934158,138.464641571045,270
SHP0004,35.1088504136303,138.464880287647,271
SHP0004,35.1088218880487,138.464992940426,272
SHP0004,35.1085849062944,138.465564250946,273
SHP0004,35.1084642211418,138.465950489044,274
SHP0004,35.1083918100502,138.466320633888,275
SHP0004,35.1083740160102,138.466454401552,276
SHP0004,35.1083479245402,138.466650545597,277
SHP0004,35.1083457302647,138.466666638851,278
SHP0004,35.1083347588871,138.466744422913,279
SHP0004,35.1083193989586,138.466851711273,280
SHP0004,35.1082974562036,138.46743106842,281
SHP0004,35.1083347588871,138.467573225498,282
SHP0004,35.1086200147025,138.468235731125,283
SHP0004,35.1087516712326,138.468581736088,284
SHP0004,35.1088109166712,138.468817770481,285
SHP0004,35.1088723563853,138.46914768219,286
SHP0004,35.1088964934158,138.469413220882,287
SHP0004,35.1088921048648,138.469574153423,288
SHP0004,35.1087889739162,138.47004622221,289
SHP0004,35.1087823910897,138.47034662962,290
SHP0004,35.1089908472624,138.470794558525,291
SHP0004,35.109032538497,138.470920622349,292
SHP0004,35.1090698411805,138.47113519907,293
SHP0004,35.109076424007,138.4716796875,294
SHP0004,35.109080812558,138.472191989422,295
SHP0004,35.1091707778536,138.472677469254,296
SHP0004,35.1093967882304,138.474192917347,297
SHP0004,35.1095284447606,138.474997580051,298
SHP0004,35.1095723302706,138.475405275822,299
SHP0004,35.1095876901991,138.475780785084,300
SHP0004,35.1096118272297,138.476070463657,301
SHP0004,35.109624912953,138.476448358541,302
SHP0005,35.109624912953,138.476448358541,1
SHP0005,35.1096293814337,138.476577401161,2
SHP0005,35.1096622955662,138.476781249046,3
SHP0005,35.1097412894843,138.477604687214,4
SHP0005,35.1097303181068,138.478173315525,5
SHP0005,35.1097017925253,138.478522002697,6
SHP0005,35.1096732669437,138.478699028492,7
SHP0005,35.1096491299132,138.478929698467,8
SHP0005,35.1096008558521,138.479246199131,9
SHP0005,35.1095805171153,138.47934763361,10
SHP0005,35.1095459989646,138.479519784451,11
SHP0005,35.1094933363525,138.479769229889,12
SHP0005,35.1094143424344,138.480050861835,13
SHP0005,35.1093923996794,138.480134010315,14
SHP0005,35.1093463198938,138.480241298676,15
SHP0005,35.1092234404657,138.48047465086,16
SHP0005,35.1089513503034,138.480941355228,17
SHP0005,35.1088504136303,138.481083512306,18
SHP0005,35.10863098608,138.481351733208,19
SHP0005,35.1083347588871,138.48164409399,20
SHP0005,35.108203102357,138.481775522232,21
SHP0005,35.1078432411746,138.482175171375,22
SHP0005,35.1076369792773,138.48224490881,23
SHP0005,35.1075075170227,138.48232537508,24
SHP0005,35.1073495291865,138.482403159142,25
SHP0005,35.1071652100443,138.482454121113,26
SHP0005,35.1069918622796,138.482526540756,27
SHP0005,35.106923839739,138.482564091682,28
SHP0005,35.1068119316883,138.482666015625,29
SHP0005,35.1067680461783,138.482708930969,30
SHP0005,35.1066495553012,138.482859134674,31
SHP0005,35.106522287322,138.483073711395,32
SHP0005,35.1064169620979,138.483207821846,33
SHP0005,35.1063533281083,138.483269512653,34
SHP0005,35.1062501971597,138.483331203461,35
SHP0005,35.1059188615588,138.483484089375,36
SHP0005,35.1058354790897,138.483537733555,37
SHP0005,35.1057740393756,138.483602106571,38
SHP0005,35.1057367366921,138.483677208424,39
SHP0005,35.1057147939371,138.483746945858,40
SHP0005,35.105697239733,138.483843505383,41
SHP0005,35.1057169882126,138.484020531178,42
SHP0005,35.1057520966206,138.484135866165,43
SHP0005,35.1057915935796,138.484227061272,44
SHP0005,35.1058332848142,138.48428606987,45
SHP0005,35.1058991130793,138.484355807304,46
SHP0005,35.1059649413444,138.484393358231,47
SHP0005,35.1070796332997,138.484827876091,48
SHP0005,35.1072749238194,138.484921753407,49
SHP0005,35.1073846375945,138.484996855259,50
SHP0005,35.1074680200636,138.485066592693,51
SHP0005,35.1076918361649,138.485286533833,52
SHP0005,35.1079288179192,138.48561912775,53
SHP0005,35.1080122003883,138.485750555992,54
SHP0005,35.1083215932341,138.486356735229,55
SHP0005,35.1083347588871,138.48638355732,56
SHP0005,35.1084905524478,138.486689329147,57
SHP0005,35.1086880372431,138.487147986889,58
SHP0005,35.1087823910897,138.487469851971,59
SHP0005,35.1088899105893,138.488156497478,60
SHP0005,35.1088855220383,138.488961160183,61
SHP0005,35.1088877163138,138.489288389683,62
SHP0005,35.1088877163138,138.489398360252,63
SHP0005,35.1088942991403,138.489803373814,64
SHP0005,35.1088942991403,138.489873111248,65
SHP0005,35.1091005610376,138.489830195904,66
SHP0005,35.1092199112869,138.489799843002,67
SHP0005,35.1097544551373,138.489663898945,68
SHP0005,35.1099431628305,138.489653170109,69
SHP0005,35.1100726250852,138.489685356617,70
SHP0005,35.1101933102378,138.489747047424,71
SHP0005,35.1103183839415,138.489795327187,72
SHP0005,35.1104785660532,138.489811420441,73
SHP0005,35.1106431367159,138.489771187305,74
SHP0005,35.110783570348,138.489682674408,75
SHP0005,35.1109218097047,138.489570021629,76
SHP0005,35.111075392051,138.489449322224,77
SHP0005,35.1112662729671,138.489333987236,78
SHP0005,35.1115844078273,138.489199876785,79
SHP0005,35.1118169753803,138.489103317261,80
SHP0005,35.1120056622629,138.488985300064,81
SHP0005,35.1122930806538,138.488781452179,82
SHP0005,35.1125366183744,138.488599061966,83
SHP0005,35.1126923947542,138.488456904888,84
SHP0005,35.1128569472681,138.488293290138,85
SHP0005,35.1131246193574,138.488006293774,86
SHP0005,35.1135919484968,138.487585186958,87
SHP0005,35.1137499189101,138.48741620779,88
SHP0005,35.1138683967202,138.487257957458,89
SHP0005,35.1139035012564,138.487196266651,90
SHP0005,35.1140219790665,138.48692804575,91
SHP0005,35.1142501585524,138.486480116844,92
SHP0005,35.1143291437591,138.486372828484,93
SHP0005,35.114798666932,138.485817611217,94
SHP0005,35.1149785776806,138.48559230566,95
SHP0005,35.1154766232893,138.485042452812,96
SHP0005,35.115559996563,138.484919071198,97
SHP0005,35.1156433698367,138.484771549702,98
SHP0005,35.1157486834456,138.484554290771,99
SHP0005,35.11580134025,138.484425544739,100
SHP0005,35.1159417583952,138.484060764313,101
SHP0005,35.1160053853672,138.483819365501,102
SHP0005,35.116088758641,138.483331203461,103
SHP0005,35.116088758641,138.483328521252,104
SHP0005,35.1161348333448,138.483108580112,105
SHP0005,35.1162050424174,138.482915461063,106
SHP0005,35.1163388784621,138.482666015625,107
SHP0005,35.1164617443391,138.482483625412,108
SHP0005,35.1166416550876,138.482290506363,109
SHP0005,35.1166679834899,138.482269048691,110
SHP0005,35.1168149837356,138.482151031494,111
SHP0005,35.1171111782606,138.482014238834,112
SHP0005,35.117273536741,138.481979370117,113
SHP0005,35.1175719252995,138.481941819191,114
SHP0005,35.1178088809195,138.481901586056,115
SHP0005,35.1181272895979,138.481813282827,116
SHP0005,35.1182827921595,138.481770157814,117
SHP0005,35.1184056580366,138.48172724247,118
SHP0005,35.1189212559134,138.481705784798,119
SHP0005,35.1191406592653,138.481665551662,120
SHP0005,35.1195816600025,138.481483161449,121
SHP0005,35.1199085709968,138.481303453445,122
SHP0005,35.1201060122325,138.481196165085,123
SHP0005,35.1203451355067,138.480978906155,124
SHP0005,35.1211414818239,138.480648994446,125
SHP0005,35.1214157057623,138.480522930622,126
SHP0005,35.121773293778,138.480370044708,127
SHP0005,35.1223041913227,138.480091094971,128
SHP0005,35.1228526391995,138.479777276516,129
SHP0005,35.1228965150297,138.479755818844,130
SHP0005,35.1232716533774,138.479546606541,131
SHP0005,35.124043867988,138.479109406471,132
SHP0005,35.1244497194168,138.478849232197,133
SHP0005,35.1247107806062,138.478621244431,134
SHP0005,35.1248076024198,138.478507094352,135
SHP0005,35.1248950590928,138.4784039855,136
SHP0005,35.1250003610851,138.478202819824,137
SHP0005,35.1250530120813,138.478103578091,138
SHP0005,35.1252109650698,138.477733433247,139
SHP0005,35.1253009105216,138.477459847927,140
SHP0005,35.1253733056414,138.476920723915,141
SHP0005,35.1255641655025,138.475743234158,142
SHP0005,35.1258120639428,138.474997580051,143
SHP0005,35.1259085907691,138.474801778793,144
SHP0005,35.1259656293483,138.474732041359,145
SHP0005,35.1260489934256,138.474643528461,146
SHP0005,35.126167458167,138.474587202072,147
SHP0005,35.1263210235725,138.474600613117,148
SHP0005,35.1264307131479,138.474624752998,149
SHP0005,35.1265404027232,138.474681079388,150
SHP0005,35.1266435109241,138.474734723568,151
SHP0005,35.126937478986,138.474997580051,152
SHP0005,35.1269594169011,138.475019037724,153
SHP0005,35.1270471685614,138.475107550621,154
SHP0005,35.127231447048,138.475287258625,155
SHP0005,35.1274211854449,138.475392892849,156
SHP0005,35.1274771516968,138.475424051285,157
SHP0005,35.1275802598977,138.475445508957,158
SHP0005,35.1278851969172,138.47543746233,159
SHP0005,35.1288943410105,138.47527384758,160
SHP0005,35.1297322769075,138.47513705492,161
SHP0005,35.1298989866672,138.47511023283,162
SHP0005,35.1301402771087,138.474997580051,163
SHP0005,35.1301665997023,138.474986851215,164
SHP0005,35.1302916320221,138.474868834019,165
SHP0005,35.1309343420164,138.473935425282,166
SHP0005,35.1310791162813,138.473643064499,167
SHP0005,35.131148176694,138.473416969606,168
SHP0005,35.1312151163484,138.473197817802,169
SHP0005,35.1313993745037,138.472883999348,170
SHP0005,35.131658213341,138.472575545311,171
SHP0005,35.1320530522454,138.472283184528,172
SHP0005,35.1324084072593,138.472108840942,173
SHP0005,35.1327944719658,138.471996188164,174
SHP0005,35.1329370526813,138.471883535385,175
SHP0005,35.1330533108031,138.4716796875,176
SHP0005,35.1333340851351,138.471191525459,177
SHP0005,35.1334635045538,138.470984995365,178
SHP0005,35.1336850530501,138.470738232136,179
SHP0005,35.1337815692267,138.470652401447,180
SHP0005,35.1340360209651,138.47050756216,181
SHP0005,35.1341588597353,138.470461964607,182
SHP0005,35.1343453114402,138.470429778099,183
SHP0005,35.1352687957665,138.470360040665,184
SHP0005,35.1355605378458,138.470357358456,185
SHP0005,35.1362251833348,138.470435142517,186
SHP0005,35.1364642802269,138.470529019833,187
SHP0005,35.1366024738434,138.470620214939,188
SHP0005,35.1366967964706,138.470724821091,189
SHP0005,35.1368986030217,138.471092283726,190
SHP0005,35.1370695243721,138.471441952949,191
SHP0005,35.1371267321664,138.471558988094,192
SHP0005,35.1371969257494,138.4716796875,193
SHP0005,35.1372210547936,138.471725285053,194
SHP0005,35.1372934419261,138.471819162369,195
SHP0005,35.1375171839719,138.472049832344,196
SHP0005,35.137686087281,138.472141027451,197
SHP0005,35.1378791196342,138.472175896168,198
SHP0005,35.1380787106079,138.472151756287,199
SHP0005,35.1382804948889,138.472063243389,200
SHP0005,35.1384559594811,138.471886217594,201
SHP0005,35.1385919445401,138.4716796875,202
SHP0005,35.1386906433733,138.471526801586,203
SHP0005,35.138798115436,138.471304178238,204
SHP0005,35.1389872502238,138.470982936451,205
SHP0005,35.1390349926355,138.470901846886,206
SHP0005,35.1391446580056,138.47075432539,207
SHP0005,35.1392784497572,138.470612168312,208
SHP0005,35.139690791549,138.470266163349,209
SHP0005,35.1399320553633,138.470164239407,210
SHP0005,35.1400877801889,138.470148146152,211
SHP0005,35.1402917577773,138.47018301487,212
SHP0005,35.1404891554436,138.470279574394,213
SHP0005,35.1408620177021,138.470539748669,214
SHP0005,35.1409694897648,138.470609486103,215
SHP0005,35.1412655862642,138.470708727837,216
SHP0005,35.1416669615189,138.470797240734,217
SHP0005,35.1417393406632,138.470813333988,218
SHP0005,35.1419389316369,138.47080796957,219
SHP0005,35.142195548603,138.47075432539,220
SHP0005,35.1424452583162,138.470711408309,221
SHP0005,35.1426013104725,138.470684587955,222
SHP0005,35.1426517565428,138.470652401447,223
SHP0005,35.1426978159983,138.470601439476,224
SHP0005,35.1427372955315,138.470432460308,225
SHP0005,35.1427921282166,138.469960391521,226
SHP0005,35.142827221135,138.469480276108,227
SHP0005,35.142827221135,138.469354212284,228
SHP0005,35.1428381876721,138.469225466251,229
SHP0005,35.1428688939757,138.469085991383,230
SHP0005,35.1429061802015,138.468978703022,231
SHP0005,35.1429829459606,138.468868732452,232
SHP0005,35.1432307896972,138.468643426895,233
SHP0005,35.1434523137449,138.468511998653,234
SHP0005,35.1436606779481,138.468458354473,235
SHP0005,35.143855882307,138.46843957901,236
SHP0005,35.1446871458127,138.468431532383,237
SHP0005,35.1449591159306,138.468428850174,238
SHP0005,35.1451389671377,138.468407392502,239
SHP0005,35.1452398592782,138.468372523785,240
SHP0005,35.1453824242594,138.468297421932,241
SHP0005,35.1454833163999,138.468208909035,242
SHP0005,35.1455776286182,138.468064069748,243
SHP0005,35.1455973683848,138.467932641506,244
SHP0005,35.1455776286182,138.467798531055,245
SHP0005,35.1454877030147,138.467339873314,246
SHP0005,35.1454789297851,138.467114567757,247
SHP0005,35.1454986695517,138.466953635216,248
SHP0005,35.145549115622,138.466849029064,249
SHP0005,35.1456522010699,138.466698825359,250
SHP0005,35.1456872939884,138.466666638851,251
SHP0005,35.1457201935994,138.466634452343,252
SHP0005,35.1457771590012,138.466599620674,253
SHP0005,35.1458517920436,138.466553986073,254
SHP0005,35.1465711968717,138.466360867023,255
SHP0005,35.1467400815417,138.466277718544,256
SHP0005,35.1468629067563,138.466154336929,257
SHP0005,35.1469067680625,138.466111421585,258
SHP0005,35.1469791392177,138.466006815434,259
SHP0005,35.1471260745935,138.465574979782,260
SHP0005,35.147235727859,138.465304076672,261
SHP0005,35.147419945345,138.465105593204,262
SHP0005,35.1475975836351,138.464939296246,263
SHP0005,35.1477708357946,138.46479177475,264
SHP0005,35.1482774338811,138.464335799217,265
SHP0005,35.1485888491551,138.464129269123,266
SHP0005,35.1486581535246,138.46411008938,267
SHP0005,35.1488892991026,138.464046120644,268
SHP0005,35.1489748286497,138.464013934135,269
SHP0005,35.1491305362867,138.463917374611,270
SHP0005,35.1493257190992,138.463743031025,271
SHP0005,35.1494660752791,138.463426530361,272
SHP0005,35.1494770406056,138.463388979435,273
SHP0005,35.1495340603037,138.463233411312,274
SHP0005,35.1495735354793,138.463061749935,275
SHP0005,35.1496020453283,138.462895452976,276
SHP0005,35.1496371343732,138.462519943714,277
SHP0005,35.1496809956794,138.462294638157,278
SHP0005,35.1497270500509,138.462179303169,279
SHP0005,35.1497928420102,138.462063968182,280
SHP0005,35.1499156536676,138.461943268776,281
SHP0005,35.1500011832147,138.461881577969,282
SHP0005,35.1500845196964,138.461844027042,283
SHP0005,35.1501722423088,138.461814522743,284
SHP0005,35.1502818955743,138.461806476116,285
SHP0005,35.1504814645175,138.46176892519,286
SHP0005,35.1506700681342,138.461650907993,287
SHP0005,35.1511306118492,138.461146652699,288
SHP0005,35.1512095622004,138.461071550846,289
SHP0005,35.1513806212946,138.460940122604,290
SHP0005,35.1514237950238,138.460982868089,291
SHP0006,35.1514237950238,138.460982868089,1
SHP0006,35.1513806212946,138.460940122604,2
SHP0006,35.1512095622004,138.461071550846,3
SHP0006,35.1511306118492,138.461146652699,4
SHP0006,35.1506700681342,138.461650907993,5
SHP0006,35.1504814645175,138.46176892519,6
SHP0006,35.1502818955743,138.461806476116,7
SHP0006,35.1501722423088,138.461814522743,8
SHP0006,35.1500845196964,138.461844027042,9
SHP0006,35.1500011832147,138.461881577969,10
SHP0006,35.1499156536676,138.461943268776,11
SHP0006,35.1497928420102,138.462063968182,12
SHP0006,35.1497270500509,138.462179303169,13
SHP0006,35.1496809956794,138.462294638157,14
SHP0006,35.1496371343732,138.462519943714,15
SHP0006,35.1496020453283,138.462895452976,16
SHP0006,35.1495735354793,138.463061749935,17
SHP0006,35.1495340603037,138.463233411312,18
SHP0006,35.1494770406056,138.463388979435,19
SHP0006,35.1494660752791,138.463426530361,20
SHP0006,35.1493257190992,138.463743031025,21
SHP0006,35.1491305362867,138.463917374611,22
SHP0006,35.1489748286497,138.464013934135,23
SHP0006,35.1488892991026,138.464046120644,24
SHP0006,35.1486581535246,138.46411008938,25
SHP0006,35.1485888491551,138.464129269123,26
SHP0006,35.1482774338811,138.464335799217,27
SHP0006,35.1477708357946,138.46479177475,28
SHP0006,35.1475975836351,138.464939296246,29
SHP0006,35.147419945345,138.465105593204,30
SHP0006,35.147235727859,138.465304076672,31
SHP0006,35.1471260745935,138.465574979782,32
SHP0006,35.1469791392177,138.466006815434,33
SHP0006,35.1469067680625,138.466111421585,34
SHP0006,35.1468629067563,138.466154336929,35
SHP0006,35.1467400815417,138.466277718544,36
SHP0006,35.1465711968717,138.466360867023,37
SHP0006,35.1458517920436,138.466553986073,38
SHP0006,35.1457771590012,138.466599620674,39
SHP0006,35.1457201935994,138.466634452343,40
SHP0006,35.1456872939884,138.466666638851,41
SHP0006,35.1456522010699,138.466698825359,42
SHP0006,35.145549115622,138.466849029064,43
SHP0006,35.1454986695517,138.466953635216,44
SHP0006,35.1454789297851,138.467114567757,45
SHP0006,35.1454877030147,138.467339873314,46
SHP0006,35.1455776286182,138.467798531055,47
SHP0006,35.1455973683848,138.467932641506,48
SHP0006,35.1455776286182,138.468064069748,49
SHP0006,35.1454833163999,138.468208909035,50
SHP0006,35.1453824242594,138.468297421932,51
SHP0006,35.1452398592782,138.468372523785,52
SHP0006,35.1451389671377,138.468407392502,53
SHP0006,35.1449591159306,138.468428850174,54
SHP0006,35.1446871458127,138.468431532383,55
SHP0006,35.143855882307,138.46843957901,56
SHP0006,35.1436606779481,138.468458354473,57
SHP0006,35.1434523137449,138.468511998653,58
SHP0006,35.1432307896972,138.468643426895,59
SHP0006,35.1429829459606,138.468868732452,60
SHP0006,35.1429061802015,138.468978703022,61
SHP0006,35.1428688939757,138.469085991383,62
SHP0006,35.1428381876721,138.469225466251,63
SHP0006,35.142827221135,138.469354212284,64
SHP0006,35.142827221135,138.469480276108,65
SHP0006,35.1427921282166,138.469960391521,66
SHP0006,35.1427372955315,138.470432460308,67
SHP0006,35.1426978159983,138.470601439476,68
SHP0006,35.1426517565428,138.470652401447,69
SHP0006,35.1426013104725,138.470684587955,70
SHP0006,35.1424452583162,138.470711408309,71
SHP0006,35.142195548603,138.47075432539,72
SHP0006,35.1419389316369,138.47080796957,73
SHP0006,35.1417393406632,138.470813333988,74
SHP0006,35.1416669615189,138.470797240734,75
SHP0006,35.1412655862642,138.470708727837,76
SHP0006,35.1409694897648,138.470609486103,77
SHP0006,35.1408620177021,138.470539748669,78
SHP0006,35.1404891554436,138.470279574394,79
SHP0006,35.1402917577773,138.47018301487,80
SHP0006,35.1400877801889,138.470148146152,81
SHP0006,35.1399320553633,138.470164239407,82
SHP0006,35.139690791549,138.470266163349,83
SHP0006,35.1392784497572,138.470612168312,84
SHP0006,35.1391446580056,138.47075432539,85
SHP0006,35.1390349926355,138.470901846886,86
SHP0006,35.1389872502238,138.470982936451,87
SHP0006,35.138798115436,138.471304178238,88
SHP0006,35.1386906433733,138.471526801586,89
SHP0006,35.1385919445401,138.4716796875,90
SHP0006,35.1384559594811,138.471886217594,91
SHP0006,35.1382804948889,138.472063243389,92
SHP0006,35.1380787106079,138.472151756287,93
SHP0006,35.1378791196342,138.472175896168,94
SHP0006,35.137686087281,138.472141027451,95
SHP0006,35.1375171839719,138.472049832344,96
SHP0006,35.1372934419261,138.471819162369,97
SHP0006,35.1372210547936,138.471725285053,98
SHP0006,35.1371969257494,138.4716796875,99
SHP0006,35.1371267321664,138.471558988094,100
SHP0006,35.1370695243721,138.471441952949,101
SHP0006,35.1368986030217,138.471092283726,102
SHP0006,35.1366967964706,138.470724821091,103
SHP0006,35.1366024738434,138.470620214939,104
SHP0006,35.1364642802269,138.470529019833,105
SHP0006,35.1362251833348,138.470435142517,106
SHP0006,35.1355605378458,138.470357358456,107
SHP0006,35.1352687957665,138.470360040665,108
SHP0006,35.1343453114402,138.470429778099,109
SHP0006,35.1341588597353,138.470461964607,110
SHP0006,35.1340360209651,138.47050756216,111
SHP0006,35.1337815692267,138.470652401447,112
SHP0006,35.1336850530501,138.470738232136,113
SHP0006,35.1334635045538,138.470984995365,114
SHP0006,35.1333340851351,138.471191525459,115
SHP0006,35.1330533108031,138.4716796875,116
SHP0006,35.1329370526813,138.471883535385,117
SHP0006,35.1327944719658,138.471996188164,118
SHP0006,35.1324084072593,138.472108840942,119
SHP0006,35.1320530522454,138.472283184528,120
SHP0006,35.131658213341,138.472575545311,121
SHP0006,35.1313993745037,138.472883999348,122
SHP0006,35.1312151163484,138.473197817802,123
SHP0006,35.131148176694,138.473416969606,124
SHP0006,35.1310791162813,138.473643064499,125
SHP0006,35.1309343420164,138.473935425282,126
SHP0006,35.1302916320221,138.474868834019,127
SHP0006,35.1301665997023,138.474986851215,128
SHP0006,35.1301402771087,138.474997580051,129
SHP0006,35.1298989866672,138.47511023283,130
SHP0006,35.1297322769075,138.47513705492,131
SHP0006,35.1288943410105,138.47527384758,132
SHP0006,35.1278851969172,138.47543746233,133
SHP0006,35.1275802598977,138.475445508957,134
SHP0006,35.1274771516968,138.475424051285,135
SHP0006,35.1274211854449,138.475392892849,136
SHP0006,35.127231447048,138.475287258625,137
SHP0006,35.1270471685614,138.475107550621,138
SHP0006,35.1269594169011,138.475019037724,139
SHP0006,35.126937478986,138.474997580051,140
SHP0006,35.1266435109241,138.474734723568,141
SHP0006,35.1265404027232,138.474681079388,142
SHP0006,35.1264307131479,138.474624752998,143
SHP0006,35.1263210235725,138.474600613117,144
SHP0006,35.126167458167,138.474587202072,145
SHP0006,35.1260489934256,138.474643528461,146
SHP0006,35.1259656293483,138.474732041359,147
SHP0006,35.1259085907691,138.474801778793,148
SHP0006,35.1258120639428,138.474997580051,149
SHP0006,35.1255641655025,138.475743234158,150
SHP0006,35.1253733056414,138.476920723915,151
SHP0006,35.1253009105216,138.477459847927,152
SHP0006,35.1252109650698,138.477733433247,153
SHP0006,35.1250530120813,138.478103578091,154
SHP0006,35.1250003610851,138.478202819824,155
SHP0006,35.1248950590928,138.4784039855,156
SHP0006,35.1248076024198,138.478507094352,157
SHP0006,35.1247107806062,138.478621244431,158
SHP0006,35.1244497194168,138.478849232197,159
SHP0006,35.124043867988,138.479109406471,160
SHP0006,35.1232716533774,138.479546606541,161
SHP0006,35.1228965150297,138.479755818844,162
SHP0006,35.1228526391995,138.479777276516,163
SHP0006,35.1223041913227,138.480091094971,164
SHP0006,35.121773293778,138.480370044708,165
SHP0006,35.1214157057623,138.480522930622,166
SHP0006,35.1211414818239,138.480648994446,167
SHP0006,35.1203451355067,138.480978906155,168
SHP0006,35.1201060122325,138.481196165085,169
SHP0006,35.1199085709968,138.481303453445,170
SHP0006,35.1195816600025,138.481483161449,171
SHP0006,35.1191406592653,138.481665551662,172
SHP0006,35.1189212559134,138.481705784798,173
SHP0006,35.1184056580366,138.48172724247,174
SHP0006,35.1182827921595,138.481770157814,175
SHP0006,35.1181272895979,138.481813282827,176
SHP0006,35.1178088809195,138.481901586056,177
SHP0006,35.1175719252995,138.481941819191,178
SHP0006,35.117273536741,138.481979370117,179
SHP0006,35.1171111782606,138.482014238834,180
SHP0006,35.1168149837356,138.482151031494,181
SHP0006,35.1166679834899,138.482269048691,182
SHP0006,35.1166416550876,138.482290506363,183
SHP0006,35.1164617443391,138.482483625412,184
SHP0006,35.1163388784621,138.482666015625,185
SHP0006,35.1162050424174,138.482915461063,186
SHP0006,35.1161348333448,138.483108580112,187
SHP0006,35.116088758641,138.483328521252,188
SHP0006,35.116088758641,138.483331203461,189
SHP0006,35.1160053853672,138.483819365501,190
SHP0006,35.1159417583952,138.484060764313,191
SHP0006,35.11580134025,138.484425544739,192
SHP0006,35.1157486834456,138.484554290771,193
SHP0006,35.1156433698367,138.484771549702,194
SHP0006,35.115559996563,138.484919071198,195
SHP0006,35.1154766232893,138.485042452812,196
SHP0006,35.1149785776806,138.48559230566,197
SHP0006,35.114798666932,138.485817611217,198
SHP0006,35.1143291437591,138.486372828484,199
SHP0006,35.1142501585524,138.486480116844,200
SHP0006,35.1140219790665,138.48692804575,201
SHP0006,35.1139035012564,138.487196266651,202
SHP0006,35.1138683967202,138.487257957458,203
SHP0006,35.1137499189101,138.48741620779,204
SHP0006,35.1135919484968,138.487585186958,205
SHP0006,35.1131246193574,138.488006293774,206
SHP0006,35.1128569472681,138.488293290138,207
SHP0006,35.1126923947542,138.488456904888,208
SHP0006,35.1125366183744,138.488599061966,209
SHP0006,35.1122930806538,138.488781452179,210
SHP0006,35.1120056622629,138.488985300064,211
SHP0006,35.1118169753803,138.489103317261,212
SHP0006,35.1115844078273,138.489199876785,213
SHP0006,35.1112662729671,138.489333987236,214
SHP0006,35.111075392051,138.489449322224,215
SHP0006,35.1109218097047,138.489570021629,216
SHP0006,35.110783570348,138.489682674408,217
SHP0006,35.1106431367159,138.489771187305,218
SHP0006,35.1104785660532,138.489811420441,219
SHP0006,35.1103183839415,138.489795327187,220
SHP0006,35.1101933102378,138.489747047424,221
SHP0006,35.1100726250852,138.489685356617,222
SHP0006,35.1099431628305,138.489653170109,223
SHP0006,35.1097544551373,138.489663898945,224
SHP0006,35.1092199112869,138.489799843002,225
SHP0006,35.1091005610376,138.489830195904,226
SHP0006,35.1088942991403,138.489873111248,227
SHP0006,35.1088942991403,138.489803373814,228
SHP0006,35.1088877163138,138.489398360252,229
SHP0006,35.1088877163138,138.489288389683,230
SHP0006,35.1088855220383,138.488961160183,231
SHP0006,35.1088899105893,138.488156497478,232
SHP0006,35.1087823910897,138.487469851971,233
SHP0006,35.1086880372431,138.487147986889,234
SHP0006,35.1084905524478,138.486689329147,235
SHP0006,35.1083347588871,138.48638355732,236
SHP0006,35.1083215932341,138.486356735229,237
SHP0006,35.1080122003883,138.485750555992,238
SHP0006,35.1079288179192,138.48561912775,239
SHP0006,35.1076918361649,138.485286533833,240
SHP0006,35.1074680200636,138.485066592693,241
SHP0006,35.1073846375945,138.484996855259,242
SHP0006,35.1072749238194,138.484921753407,243
SHP0006,35.1070796332997,138.484827876091,244
SHP0006,35.1059649413444,138.484393358231,245
SHP0006,35.1058991130793,138.484355807304,246
SHP0006,35.1058332848142,138.48428606987,247
SHP0006,35.1057915935796,138.484227061272,248
SHP0006,35.1057520966206,138.484135866165,249
SHP0006,35.1057169882126,138.484020531178,250
SHP0006,35.105697239733,138.483843505383,251
SHP0006,35.1057147939371,138.483746945858,252
SHP0006,35.1057367366921,138.483677208424,253
SHP0006,35.1057740393756,138.483602106571,254
SHP0006,35.1058354790897,138.483537733555,255
SHP0006,35.1059188615588,138.483484089375,256
SHP0006,35.1062501971597,138.483331203461,257
SHP0006,35.1063533281083,138.483269512653,258
SHP0006,35.1064169620979,138.483207821846,259
SHP0006,35.106522287322,138.483073711395,260
SHP0006,35.1066495553012,138.482859134674,261
SHP0006,35.1067680461783,138.482708930969,262
SHP0006,35.1068119316883,138.482666015625,263
SHP0006,35.106923839739,138.482564091682,264
SHP0006,35.1069918622796,138.482526540756,265
SHP0006,35.1071652100443,138.482454121113,266
SHP0006,35.1073495291865,138.482403159142,267
SHP0006,35.1075075170227,138.48232537508,268
SHP0006,35.1076369792773,138.48224490881,269
SHP0006,35.1078432411746,138.482175171375,270
SHP0006,35.108203102357,138.481775522232,271
SHP0006,35.1083347588871,138.48164409399,272
SHP0006,35.10863098608,138.481351733208,273
SHP0006,35.1088504136303,138.481083512306,274
SHP0006,35.1089513503034,138.480941355228,275
SHP0006,35.1092234404657,138.48047465086,276
SHP0006,35.1093463198938,138.480241298676,277
SHP0006,35.1093923996794,138.480134010315,278
SHP0006,35.1094143424344,138.480050861835,279
SHP0006,35.1094933363525,138.479769229889,280
SHP0006,35.1095459989646,138.479519784451,281
SHP0006,35.1095805171153,138.47934763361,282
SHP0006,35.1096008558521,138.479246199131,283
SHP0006,35.1096491299132,138.478929698467,284
SHP0006,35.1096732669437,138.478699028492,285
SHP0006,35.1097017925253,138.478522002697,286
SHP0006,35.1097303181068,138.478173315525,287
SHP0006,35.1097412894843,138.477604687214,288
SHP0006,35.1096622955662,138.476781249046,289
SHP0006,35.1096293814337,138.476577401161,290
SHP0006,35.109624912953,138.476448358541,291
